0.144077 0.198505 0.539252
0.178971 0.194472 0.532851
0.223743 0.189840 0.530971
0.252050 0.180436 0.544864
0.098969 0.218591 0.540154
0.128773 0.207572 0.528395
0.173632 0.204382 0.515416
0.215367 0.203669 0.509693
-0.205239 0.194532 0.595911
-0.169831 0.186632 0.593480
-0.133520 0.186815 0.581819
0.143862 0.197569 0.552408
0.174165 0.191257 0.555070
0.229056 0.181422 0.568029
0.258684 0.178311 0.572771
-0.215306 0.220223 0.588339
-0.173709 0.213600 0.574963
-0.126934 0.215225 0.570309
-0.075139 0.231075 0.588384
-0.041101 0.234610 0.596467
0.125281 0.205959 0.553206
0.150559 0.200583 0.554000
-0.211929 0.145223 0.641063
-0.184375 0.144561 0.630694
-0.253429 0.192130 0.643492
-0.222023 0.176040 0.624604
-0.178035 0.168342 0.612623
-0.124081 0.184335 0.631757
-0.079783 0.191603 0.637813
-0.042203 0.197996 0.644225
-0.261845 0.222829 0.642515
-0.236865 0.214730 0.609987
-0.108842 0.213141 0.614128
-0.075488 0.214302 0.612919
-0.024281 0.222084 0.620911
0.015482 0.237686 0.630657
0.038267 0.253278 0.635238
0.069580 0.256103 0.642606
0.100240 0.258811 0.646000
-0.215104 0.137346 0.658989
-0.184602 0.141108 0.669747
-0.253861 0.181340 0.652727
-0.241401 0.158448 0.656173
-0.160295 0.156793 0.670340
-0.124734 0.171574 0.672433
-0.071926 0.176041 0.671960
-0.032224 0.190133 0.675934
0.002183 0.199366 0.697286
-0.262693 0.204570 0.650000
-0.010430 0.205746 0.665704
0.025751 0.223326 0.676145
0.066440 0.241404 0.678952
0.105811 0.249522 0.692280
0.047819 0.250542 0.653786
0.083942 0.255020 0.666891
0.104063 0.253358 0.672015
-0.167448 0.149077 0.740269
-0.053207 0.148389 0.715889
-0.048096 0.148416 0.717636
-0.159972 0.156537 0.727828
-0.126345 0.161936 0.724635
-0.073141 0.162789 0.719071
-0.025629 0.178532 0.720109
0.021755 0.192750 0.726752
0.057404 0.198105 0.736493
0.037011 0.207847 0.706857
0.074694 0.222144 0.721532
0.106712 0.244436 0.726533
0.095029 0.251243 0.705433
0.106916 0.251032 0.707167
-0.150998 -0.102333 0.771000
-0.136581 -0.102644 0.777611
-0.165969 -0.073686 0.784087
-0.126368 -0.073602 0.782199
-0.074950 -0.066793 0.781757
-0.046856 -0.064223 0.797030
-0.168573 -0.024119 0.786203
-0.124656 -0.025101 0.771704
-0.074847 -0.024952 0.773280
-0.042872 -0.021720 0.784292
-0.168793 0.020735 0.784513
-0.124606 0.024778 0.763244
-0.075088 0.025124 0.758682
-0.038665 0.023144 0.762329
-0.157333 0.076186 0.790773
-0.124728 0.074790 0.769794
-0.074596 0.074010 0.758758
-0.044223 0.071296 0.768200
-0.200787 0.148407 0.766000
-0.166774 0.133079 0.777293
-0.125386 0.126409 0.779369
-0.085739 0.121015 0.784784
-0.202285 0.154112 0.768500
-0.169636 0.151683 0.758200
-0.118659 0.154978 0.766623
-0.081661 0.159013 0.780543
-0.022665 0.168961 0.769646
0.023818 0.181345 0.767784
0.064811 0.193243 0.774667
0.085566 0.206608 0.762453
0.103016 0.224255 0.763451
-0.127363 -0.102343 0.804654
-0.209532 -0.056038 0.824958
-0.191423 -0.058660 0.807084
-0.124837 -0.098888 0.800000
-0.053229 -0.087995 0.801818
-0.037620 -0.066548 0.805624
-0.211959 -0.025066 0.820393
-0.193556 -0.029854 0.804791
-0.033766 -0.027231 0.813110
-0.209170 0.018050 0.826830
-0.188481 0.038715 0.814774
-0.177212 0.071646 0.812945
-0.174704 0.113936 0.805825
-0.075376 0.139481 0.806701
-0.061663 0.153781 0.806571
-0.020387 0.162144 0.827435
0.020871 0.174395 0.813150
0.398332 0.247702 0.848500
0.405321 0.244089 0.846810
0.398625 0.253178 0.845857
0.403307 0.253668 0.842032
-0.044386 0.146108 0.874273
0.393391 0.143481 0.896149
0.417630 0.129497 0.893088
-0.037491 0.154022 0.856583
0.383891 0.177320 0.887594
0.411445 0.173514 0.876424
0.378999 0.225873 0.873893
0.407353 0.218249 0.858814
0.373154 0.256014 0.870116
0.398295 -0.004986 0.948000
0.427091 -0.008075 0.946897
0.455063 -0.005690 0.947898
0.388682 0.031681 0.942713
0.424066 0.025305 0.934498
0.453940 0.017750 0.938092
0.380836 0.076418 0.931094
0.421929 0.074670 0.914848
0.450059 0.051088 0.925000
-0.067591 0.147230 0.916949
0.376080 0.123934 0.918523
0.412767 0.107439 0.903963
-0.065852 0.159650 0.926232
0.363543 0.171060 0.912026
0.359782 0.213090 0.905589
0.391950 -0.108320 0.996057
0.425961 -0.116186 0.991223
0.464381 -0.111579 0.993243
0.384163 -0.071748 0.987350
0.423777 -0.074831 0.974932
0.466514 -0.076147 0.980331
0.348731 -0.013914 0.992000
0.377405 -0.023629 0.974154
0.423330 -0.032462 0.958250
0.460654 -0.030066 0.959445
0.348954 0.017148 0.978000
0.368956 0.021131 0.965818
0.463821 0.001390 0.951000
0.360122 0.069493 0.960891
0.358403 0.106078 0.952822
0.383147 0.196482 0.995000
0.290359 0.239081 0.994508
0.321011 0.233346 0.992634
0.374661 0.239900 0.994419
0.283848 0.277813 0.986156
0.323944 0.275072 0.977711
0.371654 0.275126 0.982749
0.248767 0.346466 0.998000
0.274418 0.320752 0.979432
0.319629 0.308143 0.963581
0.366343 0.303225 0.973250
0.244601 0.355256 0.998000
0.252539 0.352016 0.992857
